75
37
37.0133
37.0267
37.04
37.0533
37.0667
37.08
37.0933
37.1067
37.12
37.1333
37.1467
37.16
37.1733
37.1867
37.2
37.2133
37.2267
37.24
37.2533
37.2667
37.28
37.2933
37.3067
37.32
37.3333
37.3467
37.36
37.3733
37.3867
37.4
37.4133
37.4267
37.44
37.4533
37.4667
37.48
37.4933
37.4933
37.48
37.4667
37.4533
37.44
37.4267
37.4133
37.4
37.3867
37.3733
37.36
37.3467
37.3333
37.32
37.3067
37.2933
37.28
37.2667
37.2533
37.24
37.2267
37.2133
37.2
37.1867
37.1733
37.16
37.1467
37.1333
37.12
37.1067
37.0933
37.08
37.0667
37.0533
37.04
37.0267
37.0133
38
38.0133
38.0267
38.04
38.0533
38.0667
38.08
38.0933
38.1067
38.12
38.1333
38.1467
38.16
38.1733
38.1867
38.2
38.2133
38.2267
38.24
38.2533
38.2667
38.28
38.2933
38.3067
38.32
38.3333
38.3467
38.36
38.3733
38.3867
38.4
38.4133
38.4267
38.44
38.4533
38.4667
38.48
38.4933
38.4933
38.48
38.4667
38.4533
38.44
38.4267
38.4133
38.4
38.3867
38.3733
38.36
38.3467
38.3333
38.32
38.3067
38.2933
38.28
38.2667
38.2533
38.24
38.2267
38.2133
38.2
38.1867
38.1733
38.16
38.1467
38.1333
38.12
38.1067
38.0933
38.08
38.0667
38.0533
38.04
38.0267
38.0133
39
39.0133
39.0267
39.04
39.0533
39.0667
39.08
39.0933
39.1067
39.12
39.1333
39.1467
39.16
39.1733
39.1867
39.2
39.2133
39.2267
39.24
39.2533
39.2667
39.28
39.2933
39.3067
39.32
39.3333
39.3467
39.36
39.3733
39.3867
39.4
39.4133
39.4267
39.44
39.4533
39.4667
39.48
39.4933
39.4933
39.48
39.4667
39.4533
39.44
39.4267
39.4133
39.4
39.3867
39.3733
39.36
39.3467
39.3333
39.32
39.3067
39.2933
39.28
39.2667
39.2533
39.24
39.2267
39.2133
39.2
39.1867
39.1733
39.16
39.1467
39.1333
39.12
39.1067
39.0933
39.08
39.0667
39.0533
39.04
39.0267
39.0133
40
40.0133
40.0267
40.04
40.0533
40.0667
40.08
40.0933
40.1067
40.12
40.1333
40.1467
40.16
40.1733
40.1867
40.2
40.2133
40.2267
40.24
40.2533
40.2667
40.28
40.2933
40.3067
40.32
40.3333
40.3467
40.36
40.3733
40.3867
40.4
40.4133
40.4267
40.44
40.4533
40.4667
40.48
40.4933
40.4933
40.48
40.4667
40.4533
40.44
40.4267
40.4133
40.4
40.3867
40.3733
40.36
40.3467
40.3333
40.32
40.3067
40.2933
40.28
40.2667
40.2533
40.24
40.2267
40.2133
40.2
40.1867
40.1733
40.16
40.1467
40.1333
40.12
40.1067
40.0933
40.08
40.0667
40.0533
40.04
40.0267
40.0133
41
41.0133
41.0267
41.04
41.0533
41.0667
41.08
41.0933
41.1067
41.12
41.1333
41.1467
41.16
41.1733
41.1867
41.2
41.2133
41.2267
41.24
41.2533
41.2667
41.28
41.2933
41.3067
41.32
41.3333
41.3467
41.36
41.3733
41.3867
41.4
41.4133
41.4267
41.44
41.4533
41.4667
41.48
41.4933
41.4933
41.48
41.4667
41.4533
41.44
41.4267
41.4133
41.4
41.3867
41.3733
41.36
41.3467
41.3333
41.32
41.3067
41.2933
41.28
41.2667
41.2533
41.24
41.2267
41.2133
41.2
41.1867
41.1733
41.16
41.1467
41.1333
41.12
41.1067
41.0933
41.08
41.0667
41.0533
41.04
41.0267
41.0133
42
42.0133
42.0267
42.04
42.0533
42.0667
42.08
42.0933
42.1067
42.12
42.1333
42.1467
42.16
42.1733
42.1867
42.2
42.2133
42.2267
42.24
42.2533
42.2667
42.28
42.2933
42.3067
42.32
42.3333
42.3467
42.36
42.3733
42.3867
42.4
42.4133
42.4267
42.44
42.4533
42.4667
42.48
42.4933
42.4933
42.48
42.4667
42.4533
42.44
42.4267
42.4133
42.4
42.3867
42.3733
42.36
42.3467
42.3333
42.32
42.3067
42.2933
42.28
42.2667
42.2533
42.24
42.2267
42.2133
42.2
42.1867
42.1733
42.16
42.1467
42.1333
42.12
42.1067
42.0933
42.08
42.0667
42.0533
42.04
42.0267
42.0133
43
43.0133
43.0267
43.04
43.0533
43.0667
43.08
43.0933
43.1067
43.12
43.1333
43.1467
43.16
43.1733
43.1867
43.2
43.2133
43.2267
43.24
43.2533
43.2667
43.28
43.2933
43.3067
43.32
43.3333
43.3467
43.36
43.3733
43.3867
43.4
43.4133
43.4267
43.44
43.4533
43.4667
43.48
43.4933
43.4933
43.48
43.4667
43.4533
43.44
43.4267
43.4133
43.4
43.3867
43.3733
43.36
43.3467
43.3333
43.32
43.3067
43.2933
43.28
43.2667
43.2533
43.24
43.2267
43.2133
43.2
43.1867
43.1733
43.16
43.1467
43.1333
43.12
43.1067
43.0933
43.08
43.0667
43.0533
43.04
43.0267
43.0133
44
44.0133
44.0267
44.04
44.0533
44.0667
44.08
44.0933
44.1067
44.12
44.1333
44.1467
44.16
44.1733
44.1867
44.2
44.2133
44.2267
44.24
44.2533
44.2667
44.28
44.2933
44.3067
44.32
44.3333
44.3467
44.36
44.3733
44.3867
44.4
44.4133
44.4267
44.44
44.4533
44.4667
44.48
44.4933
44.4933
44.48
44.4667
44.4533
44.44
44.4267
44.4133
44.4
44.3867
44.3733
44.36
44.3467
44.3333
44.32
44.3067
44.2933
44.28
44.2667
44.2533
44.24
44.2267
44.2133
44.2
44.1867
44.1733
44.16
44.1467
44.1333
44.12
44.1067
44.0933
44.08
44.0667
44.0533
44.04
44.0267
44.0133
45
45.0133
45.0267
45.04
45.0533
45.0667
45.08
45.0933
45.1067
45.12
45.1333
45.1467
45.16
45.1733
45.1867
45.2
45.2133
45.2267
45.24
45.2533
45.2667
45.28
45.2933
45.3067
45.32
45.3333
45.3467
45.36
45.3733
45.3867
45.4
45.4133
45.4267
45.44
45.4533
45.4667
45.48
45.4933
45.4933
45.48
45.4667
45.4533
45.44
45.4267
45.4133
45.4
45.3867
45.3733
45.36
45.3467
45.3333
45.32
45.3067
45.2933
45.28
45.2667
45.2533
45.24
45.2267
45.2133
45.2
45.1867
45.1733
45.16
45.1467
45.1333
45.12
45.1067
45.0933
45.08
45.0667
45.0533
45.04
45.0267
45.0133
46
46.0133
46.0267
46.04
46.0533
46.0667
46.08
46.0933
46.1067
46.12
46.1333
46.1467
46.16
46.1733
46.1867
46.2
46.2133
46.2267
46.24
46.2533
46.2667
46.28
46.2933
46.3067
46.32
46.3333
46.3467
46.36
46.3733
46.3867
46.4
46.4133
46.4267
46.44
46.4533
46.4667
46.48
46.4933
46.4933
46.48
46.4667
46.4533
46.44
46.4267
46.4133
46.4
46.3867
46.3733
46.36
46.3467
46.3333
46.32
46.3067
46.2933
46.28
46.2667
46.2533
46.24
46.2267
46.2133
46.2
46.1867
46.1733
46.16
46.1467
46.1333
46.12
46.1067
46.0933
46.08
46.0667
46.0533
46.04
46.0267
46.0133
47
47.0133
47.0267
47.04
47.0533
47.0667
47.08
47.0933
47.1067
47.12
47.1333
47.1467
47.16
47.1733
47.1867
47.2
47.2133
47.2267
47.24
47.2533
47.2667
47.28
47.2933
47.3067
47.32
47.3333
47.3467
47.36
47.3733
47.3867
47.4
47.4133
47.4267
47.44
47.4533
47.4667
47.48
47.4933
47.4933
47.48
47.4667
47.4533
47.44
47.4267
47.4133
47.4
47.3867
47.3733
47.36
47.3467
47.3333
47.32
47.3067
47.2933
47.28
47.2667
47.2533
47.24
47.2267
47.2133
47.2
47.1867
47.1733
47.16
47.1467
47.1333
47.12
47.1067
47.0933
47.08
47.0667
47.0533
47.04
47.0267
47.0133
48
48.0133
48.0267
48.04
48.0533
48.0667
48.08
48.0933
48.1067
48.12
48.1333
48.1467
48.16
48.1733
48.1867
48.2
48.2133
48.2267
48.24
48.2533
48.2667
48.28
48.2933
48.3067
48.32
48.3333
48.3467
48.36
48.3733
48.3867
48.4
48.4133
48.4267
48.44
48.4533
48.4667
48.48
48.4933
48.4933
48.48
48.4667
48.4533
48.44
48.4267
48.4133
48.4
48.3867
48.3733
48.36
48.3467
48.3333
48.32
48.3067
48.2933
48.28
48.2667
48.2533
48.24
48.2267
48.2133
48.2
48.1867
48.1733
48.16
48.1467
48.1333
48.12
48.1067
48.0933
48.08
48.0667
48.0533
48.04
48.0267
48.0133
49
49.0133
49.0267
49.04
49.0533
49.0667
49.08
49.0933
49.1067
49.12
49.1333
49.1467
49.16
49.1733
49.1867
49.2
49.2133
49.2267
49.24
49.2533
49.2667
49.28
49.2933
49.3067
49.32
49.3333
49.3467
49.36
49.3733
49.3867
49.4
49.4133
49.4267
49.44
49.4533
49.4667
49.48
49.4933
49.4933
49.48
49.4667
49.4533
49.44
49.4267
49.4133
49.4
49.3867
49.3733
49.36
49.3467
49.3333
49.32
49.3067
49.2933
49.28
49.2667
49.2533
49.24
49.2267
49.2133
49.2
49.1867
49.1733
49.16
49.1467
49.1333
49.12
49.1067
49.0933
49.08
49.0667
49.0533
49.04
49.0267
49.0133
50
50.0133
50.0267
50.04
50.0533
50.0667
50.08
50.0933
50.1067
50.12
50.1333
50.1467
50.16
50.1733
50.1867
50.2
50.2133
50.2267
50.24
50.2533
50.2667
50.28
50.2933
50.3067
50.32
50.3333
50.3467
50.36
50.3733
50.3867
50.4
50.4133
50.4267
50.44
50.4533
50.4667
50.48
50.4933
50.4933
50.48
50.4667
50.4533
50.44
50.4267
50.4133
50.4
50.3867
50.3733
50.36
50.3467
50.3333
50.32
50.3067
50.2933
50.28
50.2667
50.2533
50.24
50.2267
50.2133
50.2
50.1867
50.1733
50.16
50.1467
50.1333
50.12
50.1067
50.0933
50.08
50.0667
50.0533
50.04
50.0267
50.0133
51
51.0133
51.0267
51.04
51.0533
51.0667
51.08
51.0933
51.1067
51.12
51.1333
51.1467
51.16
51.1733
51.1867
51.2
51.2133
51.2267
51.24
51.2533
51.2667
51.28
51.2933
51.3067
51.32
51.3333
51.3467
51.36
51.3733
51.3867
51.4
51.4133
51.4267
51.44
51.4533
51.4667
51.48
51.4933
51.4933
51.48
51.4667
51.4533
51.44
51.4267
51.4133
51.4
51.3867
51.3733
51.36
51.3467
51.3333
51.32
51.3067
51.2933
51.28
51.2667
51.2533
51.24
51.2267
51.2133
51.2
51.1867
51.1733
51.16
51.1467
51.1333
51.12
51.1067
51.0933
51.08
51.0667
51.0533
51.04
51.0267
51.0133
52
52.0133
52.0267
52.04
52.0533
52.0667
52.08
52.0933
52.1067
52.12
52.1333
52.1467
52.16
52.1733
52.1867
52.2
52.2133
52.2267
52.24
52.2533
52.2667
52.28
52.2933
52.3067
52.32
52.3333
52.3467
52.36
52.3733
52.3867
52.4
52.4133
52.4267
52.44
52.4533
52.4667
52.48
52.4933
52.4933
52.48
52.4667
52.4533
52.44
52.4267
52.4133
52.4
52.3867
52.3733
52.36
52.3467
52.3333
52.32
52.3067
52.2933
52.28
52.2667
52.2533
52.24
52.2267
52.2133
52.2
52.1867
52.1733
52.16
52.1467
52.1333
52.12
52.1067
52.0933
52.08
52.0667
52.0533
52.04
52.0267
52.0133
53
53.0133
53.0267
53.04
53.0533
53.0667
53.08
53.0933
53.1067
53.12
53.1333
53.1467
53.16
53.1733
53.1867
53.2
53.2133
53.2267
53.24
53.2533
53.2667
53.28
53.2933
53.3067
53.32
53.3333
53.3467
53.36
53.3733
53.3867
53.4
53.4133
53.4267
53.44
53.4533
53.4667
53.48
53.4933
53.4933
53.48
53.4667
53.4533
53.44
53.4267
53.4133
53.4
53.3867
53.3733
53.36
53.3467
53.3333
53.32
53.3067
53.2933
53.28
53.2667
53.2533
53.24
53.2267
53.2133
53.2
53.1867
53.1733
53.16
53.1467
53.1333
53.12
53.1067
53.0933
53.08
53.0667
53.0533
53.04
53.0267
53.0133
54
54.0133
54.0267
54.04
54.0533
54.0667
54.08
54.0933
54.1067
54.12
54.1333
54.1467
54.16
54.1733
54.1867
54.2
54.2133
54.2267
54.24
54.2533
54.2667
54.28
54.2933
54.3067
54.32
54.3333
54.3467
54.36
54.3733
54.3867
54.4
54.4133
54.4267
54.44
54.4533
54.4667
54.48
54.4933
54.4933
54.48
54.4667
54.4533
54.44
54.4267
54.4133
54.4
54.3867
54.3733
54.36
54.3467
54.3333
54.32
54.3067
54.2933
54.28
54.2667
54.2533
54.24
54.2267
54.2133
54.2
54.1867
54.1733
54.16
54.1467
54.1333
54.12
54.1067
54.0933
54.08
54.0667
54.0533
54.04
54.0267
54.0133
55
55.0133
55.0267
55.04
55.0533
55.0667
55.08
55.0933
55.1067
55.12
55.1333
55.1467
55.16
55.1733
55.1867
55.2
55.2133
55.2267
55.24
55.2533
55.2667
55.28
55.2933
55.3067
55.32
55.3333
55.3467
55.36
55.3733
55.3867
55.4
55.4133
55.4267
55.44
55.4533
55.4667
55.48
55.4933
55.4933
55.48
55.4667
55.4533
55.44
55.4267
55.4133
55.4
55.3867
55.3733
55.36
55.3467
55.3333
55.32
55.3067
55.2933
55.28
55.2667
55.2533
55.24
55.2267
55.2133
55.2
55.1867
55.1733
55.16
55.1467
55.1333
55.12
55.1067
55.0933
55.08
55.0667
55.0533
55.04
55.0267
55.0133
56
56.0133
56.0267
56.04
56.0533
56.0667
56.08
56.0933
56.1067
56.12
56.1333
56.1467
56.16
56.1733
56.1867
56.2
56.2133
56.2267
56.24
56.2533
56.2667
56.28
56.2933
56.3067
56.32
56.3333
56.3467
56.36
56.3733
56.3867
56.4
56.4133
56.4267
56.44
56.4533
56.4667
56.48
56.4933
56.4933
56.48
56.4667
56.4533
56.44
56.4267
56.4133
56.4
56.3867
56.3733
56.36
56.3467
56.3333
56.32
56.3067
56.2933
56.28
56.2667
56.2533
56.24
56.2267
56.2133
56.2
56.1867
56.1733
56.16
56.1467
56.1333
56.12
56.1067
56.0933
56.08
56.0667
56.0533
56.04
56.0267
56.0133
57
57.0133
57.0267
57.04
57.0533
57.0667
57.08
57.0933
57.1067
57.12
57.1333
57.1467
57.16
57.1733
57.1867
57.2
57.2133
57.2267
57.24
57.2533
57.2667
57.28
57.2933
57.3067
57.32
57.3333
57.3467
57.36
57.3733
57.3867
57.4
57.4133
57.4267
57.44
57.4533
57.4667
57.48
57.4933
57.4933
57.48
57.4667
57.4533
57.44
57.4267
57.4133
57.4
57.3867
57.3733
57.36
57.3467
57.3333
57.32
57.3067
57.2933
57.28
57.2667
57.2533
57.24
57.2267
57.2133
57.2
57.1867
57.1733
57.16
57.1467
57.1333
57.12
57.1067
57.0933
57.08
57.0667
57.0533
57.04
57.0267
57.0133
58
58.0133
58.0267
58.04
58.0533
58.0667
58.08
58.0933
58.1067
58.12
58.1333
58.1467
58.16
58.1733
58.1867
58.2
58.2133
58.2267
58.24
58.2533
58.2667
58.28
58.2933
58.3067
58.32
58.3333
58.3467
58.36
58.3733
58.3867
58.4
58.4133
58.4267
58.44
58.4533
58.4667
58.48
58.4933
58.4933
58.48
58.4667
58.4533
58.44
58.4267
58.4133
58.4
58.3867
58.3733
58.36
58.3467
58.3333
58.32
58.3067
58.2933
58.28
58.2667
58.2533
58.24
58.2267
58.2133
58.2
58.1867
58.1733
58.16
58.1467
58.1333
58.12
58.1067
58.0933
58.08
58.0667
58.0533
58.04
58.0267
58.0133
59
59.0133
59.0267
59.04
59.0533
59.0667
59.08
59.0933
59.1067
59.12
59.1333
59.1467
59.16
59.1733
59.1867
59.2
59.2133
59.2267
59.24
59.2533
59.2667
59.28
59.2933
59.3067
59.32
59.3333
59.3467
59.36
59.3733
59.3867
59.4
59.4133
59.4267
59.44
59.4533
59.4667
59.48
59.4933
59.4933
59.48
59.4667
59.4533
59.44
59.4267
59.4133
59.4
59.3867
59.3733
59.36
59.3467
59.3333
59.32
59.3067
59.2933
59.28
59.2667
59.2533
59.24
59.2267
59.2133
59.2
59.1867
59.1733
59.16
59.1467
59.1333
59.12
59.1067
59.0933
59.08
59.0667
59.0533
59.04
59.0267
59.0133
60
60.0133
60.0267
60.04
60.0533
60.0667
60.08
60.0933
60.1067
60.12
60.1333
60.1467
60.16
60.1733
60.1867
60.2
60.2133
60.2267
60.24
60.2533
60.2667
60.28
60.2933
60.3067
60.32
60.3333
60.3467
60.36
60.3733
60.3867
60.4
60.4133
60.4267
60.44
60.4533
60.4667
60.48
60.4933
60.4933
60.48
60.4667
60.4533
60.44
60.4267
60.4133
60.4
60.3867
60.3733
60.36
60.3467
60.3333
60.32
60.3067
60.2933
60.28
60.2667
60.2533
60.24
60.2267
60.2133
60.2
60.1867
60.1733
60.16
60.1467
60.1333
60.12
60.1067
60.0933
60.08
60.0667
60.0533
60.04
60.0267
60.0133
61
61.0133
61.0267
61.04
61.0533
61.0667
61.08
61.0933
61.1067
61.12
61.1333
61.1467
61.16
61.1733
61.1867
61.2
61.2133
61.2267
61.24
61.2533
61.2667
61.28
61.2933
61.3067
61.32
61.3333
61.3467
61.36
61.3733
61.3867
61.4
61.4133
61.4267
61.44
61.4533
61.4667
61.48
61.4933
61.4933
61.48
61.4667
61.4533
61.44
61.4267
61.4133
61.4
61.3867
61.3733
61.36
61.3467
61.3333
61.32
61.3067
61.2933
61.28
61.2667
61.2533
61.24
61.2267
61.2133
61.2
61.1867
61.1733
61.16
61.1467
61.1333
61.12
61.1067
61.0933
61.08
61.0667
61.0533
61.04
61.0267
61.0133
62
62.0133
62.0267
62.04
62.0533
62.0667
62.08
62.0933
62.1067
62.12
62.1333
62.1467
62.16
62.1733
62.1867
62.2
62.2133
62.2267
62.24
62.2533
62.2667
62.28
62.2933
62.3067
62.32
62.3333
62.3467
62.36
62.3733
62.3867
62.4
62.4133
62.4267
62.44
62.4533
62.4667
62.48
62.4933
62.4933
62.48
62.4667
62.4533
62.44
62.4267
62.4133
62.4
62.3867
62.3733
62.36
62.3467
62.3333
62.32
62.3067
62.2933
62.28
62.2667
62.2533
62.24
62.2267
62.2133
62.2
62.1867
62.1733
62.16
62.1467
62.1333
62.12
62.1067
62.0933
62.08
62.0667
62.0533
62.04
62.0267
62.0133
63
63.0133
63.0267
63.04
63.0533
63.0667
63.08
63.0933
63.1067
63.12
63.1333
63.1467
63.16
63.1733
63.1867
63.2
63.2133
63.2267
63.24
63.2533
63.2667
63.28
63.2933
63.3067
63.32
63.3333
63.3467
63.36
63.3733
63.3867
63.4
63.4133
63.4267
63.44
63.4533
63.4667
63.48
63.4933
63.4933
63.48
63.4667
63.4533
63.44
63.4267
63.4133
63.4
63.3867
63.3733
63.36
63.3467
63.3333
63.32
63.3067
63.2933
63.28
63.2667
63.2533
63.24
63.2267
63.2133
63.2
63.1867
63.1733
63.16
63.1467
63.1333
63.12
63.1067
63.0933
63.08
63.0667
63.0533
63.04
63.0267
63.0133
64
64.0133
64.0267
64.04
64.0533
64.0667
64.08
64.0933
64.1067
64.12
64.1333
64.1467
64.16
64.1733
64.1867
64.2
64.2133
64.2267
64.24
64.2533
64.2667
64.28
64.2933
64.3067
64.32
64.3333
64.3467
64.36
64.3733
64.3867
64.4
64.4133
64.4267
64.44
64.4533
64.4667
64.48
64.4933
64.4933
64.48
64.4667
64.4533
64.44
64.4267
64.4133
64.4
64.3867
64.3733
64.36
64.3467
64.3333
64.32
64.3067
64.2933
64.28
64.2667
64.2533
64.24
64.2267
64.2133
64.2
64.1867
64.1733
64.16
64.1467
64.1333
64.12
64.1067
64.0933
64.08
64.0667
64.0533
64.04
64.0267
64.0133
65
65.0133
65.0267
65.04
65.0533
65.0667
65.08
65.0933
65.1067
65.12
65.1333
65.1467
65.16
65.1733
65.1867
65.2
65.2133
65.2267
65.24
65.2533
65.2667
65.28
65.2933
65.3067
65.32
65.3333
65.3467
65.36
65.3733
65.3867
65.4
65.4133
65.4267
65.44
65.4533
65.4667
65.48
65.4933
65.4933
65.48
65.4667
65.4533
65.44
65.4267
65.4133
65.4
65.3867
65.3733
65.36
65.3467
65.3333
65.32
65.3067
65.2933
65.28
65.2667
65.2533
65.24
65.2267
65.2133
65.2
65.1867
65.1733
65.16
65.1467
65.1333
65.12
65.1067
65.0933
65.08
65.0667
65.0533
65.04
65.0267
65.0133
66
66.0133
66.0267
66.04
66.0533
66.0667
66.08
66.0933
66.1067
66.12
66.1333
66.1467
66.16
66.1733
66.1867
66.2
66.2133
66.2267
66.24
66.2533
66.2667
66.28
66.2933
66.3067
66.32
66.3333
66.3467
66.36
66.3733
66.3867
66.4
66.4133
66.4267
66.44
66.4533
66.4667
66.48
66.4933
66.4933
66.48
66.4667
66.4533
66.44
66.4267
66.4133
66.4
66.3867
66.3733
66.36
66.3467
66.3333
66.32
66.3067
66.2933
66.28
66.2667
66.2533
66.24
66.2267
66.2133
66.2
66.1867
66.1733
66.16
66.1467
66.1333
66.12
66.1067
66.0933
66.08
66.0667
66.0533
66.04
66.0267
66.0133
67
67.0133
67.0267
67.04
67.0533
67.0667
67.08
67.0933
67.1067
67.12
67.1333
67.1467
67.16
67.1733
67.1867
67.2
67.2133
67.2267
67.24
67.2533
67.2667
67.28
67.2933
67.3067
67.32
67.3333
67.3467
67.36
67.3733
67.3867
67.4
67.4133
67.4267
67.44
67.4533
67.4667
67.48
67.4933
67.4933
67.48
67.4667
67.4533
67.44
67.4267
67.4133
67.4
67.3867
67.3733
67.36
67.3467
67.3333
67.32
67.3067
67.2933
67.28
67.2667
67.2533
67.24
67.2267
67.2133
67.2
67.1867
67.1733
67.16
67.1467
67.1333
67.12
67.1067
67.0933
67.08
67.0667
67.0533
67.04
67.0267
67.0133
68
68.0133
68.0267
68.04
68.0533
68.0667
68.08
68.0933
68.1067
68.12
68.1333
68.1467
68.16
68.1733
68.1867
68.2
68.2133
68.2267
68.24
68.2533
68.2667
68.28
68.2933
68.3067
68.32
68.3333
68.3467
68.36
68.3733
68.3867
68.4
68.4133
68.4267
68.44
68.4533
68.4667
68.48
68.4933
68.4933
68.48
68.4667
68.4533
68.44
68.4267
68.4133
68.4
68.3867
68.3733
68.36
68.3467
68.3333
68.32
68.3067
68.2933
68.28
68.2667
68.2533
68.24
68.2267
68.2133
68.2
68.1867
68.1733
68.16
68.1467
68.1333
68.12
68.1067
68.0933
68.08
68.0667
68.0533
68.04
68.0267
68.0133
69
69.0133
69.0267
69.04
69.0533
69.0667
69.08
69.0933
69.1067
69.12
69.1333
69.1467
69.16
69.1733
69.1867
69.2
69.2133
69.2267
69.24
69.2533
69.2667
69.28
69.2933
69.3067
69.32
69.3333
69.3467
69.36
69.3733
69.3867
69.4
69.4133
69.4267
69.44
69.4533
69.4667
69.48
69.4933
69.4933
69.48
69.4667
69.4533
69.44
69.4267
69.4133
69.4
69.3867
69.3733
69.36
69.3467
69.3333
69.32
69.3067
69.2933
69.28
69.2667
69.2533
69.24
69.2267
69.2133
69.2
69.1867
69.1733
69.16
69.1467
69.1333
69.12
69.1067
69.0933
69.08
69.0667
69.0533
69.04
69.0267
69.0133
70
70.0133
70.0267
70.04
70.0533
70.0667
70.08
70.0933
70.1067
70.12
70.1333
70.1467
70.16
70.1733
70.1867
70.2
70.2133
70.2267
70.24
70.2533
70.2667
70.28
70.2933
70.3067
70.32
70.3333
70.3467
70.36
70.3733
70.3867
70.4
70.4133
70.4267
70.44
70.4533
70.4667
70.48
70.4933
70.4933
70.48
70.4667
70.4533
70.44
70.4267
70.4133
70.4
70.3867
70.3733
70.36
70.3467
70.3333
70.32
70.3067
70.2933
70.28
70.2667
70.2533
70.24
70.2267
70.2133
70.2
70.1867
70.1733
70.16
70.1467
70.1333
70.12
70.1067
70.0933
70.08
70.0667
70.0533
70.04
70.0267
70.0133
71
71.0133
71.0267
71.04
71.0533
71.0667
71.08
71.0933
71.1067
71.12
71.1333
71.1467
71.16
71.1733
71.1867
71.2
71.2133
71.2267
71.24
71.2533
71.2667
71.28
71.2933
71.3067
71.32
71.3333
71.3467
71.36
71.3733
71.3867
71.4
71.4133
71.4267
71.44
71.4533
71.4667
71.48
71.4933
71.4933
71.48
71.4667
71.4533
71.44
71.4267
71.4133
71.4
71.3867
71.3733
71.36
71.3467
71.3333
71.32
71.3067
71.2933
71.28
71.2667
71.2533
71.24
71.2267
71.2133
71.2
71.1867
71.1733
71.16
71.1467
71.1333
71.12
71.1067
71.0933
71.08
71.0667
71.0533
71.04
71.0267
71.0133
72
72.0133
72.0267
72.04
72.0533
72.0667
72.08
72.0933
72.1067
72.12
72.1333
72.1467
72.16
72.1733
72.1867
72.2
72.2133
72.2267
72.24
72.2533
72.2667
72.28
72.2933
72.3067
72.32
72.3333
72.3467
72.36
72.3733
72.3867
72.4
72.4133
72.4267
72.44
72.4533
72.4667
72.48
72.4933
72.4933
72.48
72.4667
72.4533
72.44
72.4267
72.4133
72.4
72.3867
72.3733
72.36
72.3467
72.3333
72.32
72.3067
72.2933
72.28
72.2667
72.2533
72.24
72.2267
72.2133
72.2
72.1867
72.1733
72.16
72.1467
72.1333
72.12
72.1067
72.0933
72.08
72.0667
72.0533
72.04
72.0267
72.0133
73
73.0133
73.0267
73.04
73.0533
73.0667
73.08
73.0933
73.1067
73.12
73.1333
73.1467
73.16
73.1733
73.1867
73.2
73.2133
73.2267
73.24
73.2533
73.2667
73.28
73.2933
73.3067
73.32
73.3333
73.3467
73.36
73.3733
73.3867
73.4
73.4133
73.4267
73.44
73.4533
73.4667
73.48
73.4933
73.4933
73.48
73.4667
73.4533
73.44
73.4267
73.4133
73.4
73.3867
73.3733
73.36
73.3467
73.3333
73.32
73.3067
73.2933
73.28
73.2667
73.2533
73.24
73.2267
73.2133
73.2
73.1867
73.1733
73.16
73.1467
73.1333
73.12
73.1067
73.0933
73.08
73.0667
73.0533
73.04
73.0267
73.0133
74
74.0133
74.0267
74.04
74.0533
74.0667
74.08
74.0933
74.1067
74.12
74.1333
74.1467
74.16
74.1733
74.1867
74.2
74.2133
74.2267
74.24
74.2533
74.2667
74.28
74.2933
74.3067
74.32
74.3333
74.3467
74.36
74.3733
74.3867
74.4
74.4133
74.4267
74.44
74.4533
74.4667
74.48
74.4933
74.4933
74.48
74.4667
74.4533
74.44
74.4267
74.4133
74.4
74.3867
74.3733
74.36
74.3467
74.3333
74.32
74.3067
74.2933
74.28
74.2667
74.2533
74.24
74.2267
74.2133
74.2
74.1867
74.1733
74.16
74.1467
74.1333
74.12
74.1067
74.0933
74.08
74.0667
74.0533
74.04
74.0267
74.0133
74
74.0133
74.0267
74.04
74.0533
74.0667
74.08
74.0933
74.1067
74.12
74.1333
74.1467
74.16
74.1733
74.1867
74.2
74.2133
74.2267
74.24
74.2533
74.2667
74.28
74.2933
74.3067
74.32
74.3333
74.3467
74.36
74.3733
74.3867
74.4
74.4133
74.4267
74.44
74.4533
74.4667
74.48
74.4933
74.4933
74.48
74.4667
74.4533
74.44
74.4267
74.4133
74.4
74.3867
74.3733
74.36
74.3467
74.3333
74.32
74.3067
74.2933
74.28
74.2667
74.2533
74.24
74.2267
74.2133
74.2
74.1867
74.1733
74.16
74.1467
74.1333
74.12
74.1067
74.0933
74.08
74.0667
74.0533
74.04
74.0267
74.0133
73
73.0133
73.0267
73.04
73.0533
73.0667
73.08
73.0933
73.1067
73.12
73.1333
73.1467
73.16
73.1733
73.1867
73.2
73.2133
73.2267
73.24
73.2533
73.2667
73.28
73.2933
73.3067
73.32
73.3333
73.3467
73.36
73.3733
73.3867
73.4
73.4133
73.4267
73.44
73.4533
73.4667
73.48
73.4933
73.4933
73.48
73.4667
73.4533
73.44
73.4267
73.4133
73.4
73.3867
73.3733
73.36
73.3467
73.3333
73.32
73.3067
73.2933
73.28
73.2667
73.2533
73.24
73.2267
73.2133
73.2
73.1867
73.1733
73.16
73.1467
73.1333
73.12
73.1067
73.0933
73.08
73.0667
73.0533
73.04
73.0267
73.0133
72
72.0133
72.0267
72.04
72.0533
72.0667
72.08
72.0933
72.1067
72.12
72.1333
72.1467
72.16
72.1733
72.1867
72.2
72.2133
72.2267
72.24
72.2533
72.2667
72.28
72.2933
72.3067
72.32
72.3333
72.3467
72.36
72.3733
72.3867
72.4
72.4133
72.4267
72.44
72.4533
72.4667
72.48
72.4933
72.4933
72.48
72.4667
72.4533
72.44
72.4267
72.4133
72.4
72.3867
72.3733
72.36
72.3467
72.3333
72.32
72.3067
72.2933
72.28
72.2667
72.2533
72.24
72.2267
72.2133
72.2
72.1867
72.1733
72.16
72.1467
72.1333
72.12
72.1067
72.0933
72.08
72.0667
72.0533
72.04
72.0267
72.0133
71
71.0133
71.0267
71.04
71.0533
71.0667
71.08
71.0933
71.1067
71.12
71.1333
71.1467
71.16
71.1733
71.1867
71.2
71.2133
71.2267
71.24
71.2533
71.2667
71.28
71.2933
71.3067
71.32
71.3333
71.3467
71.36
71.3733
71.3867
71.4
71.4133
71.4267
71.44
71.4533
71.4667
71.48
71.4933
71.4933
71.48
71.4667
71.4533
71.44
71.4267
71.4133
71.4
71.3867
71.3733
71.36
71.3467
71.3333
71.32
71.3067
71.2933
71.28
71.2667
71.2533
71.24
71.2267
71.2133
71.2
71.1867
71.1733
71.16
71.1467
71.1333
71.12
71.1067
71.0933
71.08
71.0667
71.0533
71.04
71.0267
71.0133
70
70.0133
70.0267
70.04
70.0533
70.0667
70.08
70.0933
70.1067
70.12
70.1333
70.1467
70.16
70.1733
70.1867
70.2
70.2133
70.2267
70.24
70.2533
70.2667
70.28
70.2933
70.3067
70.32
70.3333
70.3467
70.36
70.3733
70.3867
70.4
70.4133
70.4267
70.44
70.4533
70.4667
70.48
70.4933
70.4933
70.48
70.4667
70.4533
70.44
70.4267
70.4133
70.4
70.3867
70.3733
70.36
70.3467
70.3333
70.32
70.3067
70.2933
70.28
70.2667
70.2533
70.24
70.2267
70.2133
70.2
70.1867
70.1733
70.16
70.1467
70.1333
70.12
70.1067
70.0933
70.08
70.0667
70.0533
70.04
70.0267
70.0133
69
69.0133
69.0267
69.04
69.0533
69.0667
69.08
69.0933
69.1067
69.12
69.1333
69.1467
69.16
69.1733
69.1867
69.2
69.2133
69.2267
69.24
69.2533
69.2667
69.28
69.2933
69.3067
69.32
69.3333
69.3467
69.36
69.3733
69.3867
69.4
69.4133
69.4267
69.44
69.4533
69.4667
69.48
69.4933
69.4933
69.48
69.4667
69.4533
69.44
69.4267
69.4133
69.4
69.3867
69.3733
69.36
69.3467
69.3333
69.32
69.3067
69.2933
69.28
69.2667
69.2533
69.24
69.2267
69.2133
69.2
69.1867
69.1733
69.16
69.1467
69.1333
69.12
69.1067
69.0933
69.08
69.0667
69.0533
69.04
69.0267
69.0133
68
68.0133
68.0267
68.04
68.0533
68.0667
68.08
68.0933
68.1067
68.12
68.1333
68.1467
68.16
68.1733
68.1867
68.2
68.2133
68.2267
68.24
68.2533
68.2667
68.28
68.2933
68.3067
68.32
68.3333
68.3467
68.36
68.3733
68.3867
68.4
68.4133
68.4267
68.44
68.4533
68.4667
68.48
68.4933
68.4933
68.48
68.4667
68.4533
68.44
68.4267
68.4133
68.4
68.3867
68.3733
68.36
68.3467
68.3333
68.32
68.3067
68.2933
68.28
68.2667
68.2533
68.24
68.2267
68.2133
68.2
68.1867
68.1733
68.16
68.1467
68.1333
68.12
68.1067
68.0933
68.08
68.0667
68.0533
68.04
68.0267
68.0133
67
67.0133
67.0267
67.04
67.0533
67.0667
67.08
67.0933
67.1067
67.12
67.1333
67.1467
67.16
67.1733
67.1867
67.2
67.2133
67.2267
67.24
67.2533
67.2667
67.28
67.2933
67.3067
67.32
67.3333
67.3467
67.36
67.3733
67.3867
67.4
67.4133
67.4267
67.44
67.4533
67.4667
67.48
67.4933
67.4933
67.48
67.4667
67.4533
67.44
67.4267
67.4133
67.4
67.3867
67.3733
67.36
67.3467
67.3333
67.32
67.3067
67.2933
67.28
67.2667
67.2533
67.24
67.2267
67.2133
67.2
67.1867
67.1733
67.16
67.1467
67.1333
67.12
67.1067
67.0933
67.08
67.0667
67.0533
67.04
67.0267
67.0133
66
66.0133
66.0267
66.04
66.0533
66.0667
66.08
66.0933
66.1067
66.12
66.1333
66.1467
66.16
66.1733
66.1867
66.2
66.2133
66.2267
66.24
66.2533
66.2667
66.28
66.2933
66.3067
66.32
66.3333
66.3467
66.36
66.3733
66.3867
66.4
66.4133
66.4267
66.44
66.4533
66.4667
66.48
66.4933
66.4933
66.48
66.4667
66.4533
66.44
66.4267
66.4133
66.4
66.3867
66.3733
66.36
66.3467
66.3333
66.32
66.3067
66.2933
66.28
66.2667
66.2533
66.24
66.2267
66.2133
66.2
66.1867
66.1733
66.16
66.1467
66.1333
66.12
66.1067
66.0933
66.08
66.0667
66.0533
66.04
66.0267
66.0133
65
65.0133
65.0267
65.04
65.0533
65.0667
65.08
65.0933
65.1067
65.12
65.1333
65.1467
65.16
65.1733
65.1867
65.2
65.2133
65.2267
65.24
65.2533
65.2667
65.28
65.2933
65.3067
65.32
65.3333
65.3467
65.36
65.3733
65.3867
65.4
65.4133
65.4267
65.44
65.4533
65.4667
65.48
65.4933
65.4933
65.48
65.4667
65.4533
65.44
65.4267
65.4133
65.4
65.3867
65.3733
65.36
65.3467
65.3333
65.32
65.3067
65.2933
65.28
65.2667
65.2533
65.24
65.2267
65.2133
65.2
65.1867
65.1733
65.16
65.1467
65.1333
65.12
65.1067
65.0933
65.08
65.0667
65.0533
65.04
65.0267
65.0133
64
64.0133
64.0267
64.04
64.0533
64.0667
64.08
64.0933
64.1067
64.12
64.1333
64.1467
64.16
64.1733
64.1867
64.2
64.2133
64.2267
64.24
64.2533
64.2667
64.28
64.2933
64.3067
64.32
64.3333
64.3467
64.36
64.3733
64.3867
64.4
64.4133
64.4267
64.44
64.4533
64.4667
64.48
64.4933
64.4933
64.48
64.4667
64.4533
64.44
64.4267
64.4133
64.4
64.3867
64.3733
64.36
64.3467
64.3333
64.32
64.3067
64.2933
64.28
64.2667
64.2533
64.24
64.2267
64.2133
64.2
64.1867
64.1733
64.16
64.1467
64.1333
64.12
64.1067
64.0933
64.08
64.0667
64.0533
64.04
64.0267
64.0133
63
63.0133
63.0267
63.04
63.0533
63.0667
63.08
63.0933
63.1067
63.12
63.1333
63.1467
63.16
63.1733
63.1867
63.2
63.2133
63.2267
63.24
63.2533
63.2667
63.28
63.2933
63.3067
63.32
63.3333
63.3467
63.36
63.3733
63.3867
63.4
63.4133
63.4267
63.44
63.4533
63.4667
63.48
63.4933
63.4933
63.48
63.4667
63.4533
63.44
63.4267
63.4133
63.4
63.3867
63.3733
63.36
63.3467
63.3333
63.32
63.3067
63.2933
63.28
63.2667
63.2533
63.24
63.2267
63.2133
63.2
63.1867
63.1733
63.16
63.1467
63.1333
63.12
63.1067
63.0933
63.08
63.0667
63.0533
63.04
63.0267
63.0133
62
62.0133
62.0267
62.04
62.0533
62.0667
62.08
62.0933
62.1067
62.12
62.1333
62.1467
62.16
62.1733
62.1867
62.2
62.2133
62.2267
62.24
62.2533
62.2667
62.28
62.2933
62.3067
62.32
62.3333
62.3467
62.36
62.3733
62.3867
62.4
62.4133
62.4267
62.44
62.4533
62.4667
62.48
62.4933
62.4933
62.48
62.4667
62.4533
62.44
62.4267
62.4133
62.4
62.3867
62.3733
62.36
62.3467
62.3333
62.32
62.3067
62.2933
62.28
62.2667
62.2533
62.24
62.2267
62.2133
62.2
62.1867
62.1733
62.16
62.1467
62.1333
62.12
62.1067
62.0933
62.08
62.0667
62.0533
62.04
62.0267
62.0133
61
61.0133
61.0267
61.04
61.0533
61.0667
61.08
61.0933
61.1067
61.12
61.1333
61.1467
61.16
61.1733
61.1867
61.2
61.2133
61.2267
61.24
61.2533
61.2667
61.28
61.2933
61.3067
61.32
61.3333
61.3467
61.36
61.3733
61.3867
61.4
61.4133
61.4267
61.44
61.4533
61.4667
61.48
61.4933
61.4933
61.48
61.4667
61.4533
61.44
61.4267
61.4133
61.4
61.3867
61.3733
61.36
61.3467
61.3333
61.32
61.3067
61.2933
61.28
61.2667
61.2533
61.24
61.2267
61.2133
61.2
61.1867
61.1733
61.16
61.1467
61.1333
61.12
61.1067
61.0933
61.08
61.0667
61.0533
61.04
61.0267
61.0133
60
60.0133
60.0267
60.04
60.0533
60.0667
60.08
60.0933
60.1067
60.12
60.1333
60.1467
60.16
60.1733
60.1867
60.2
60.2133
60.2267
60.24
60.2533
60.2667
60.28
60.2933
60.3067
60.32
60.3333
60.3467
60.36
60.3733
60.3867
60.4
60.4133
60.4267
60.44
60.4533
60.4667
60.48
60.4933
60.4933
60.48
60.4667
60.4533
60.44
60.4267
60.4133
60.4
60.3867
60.3733
60.36
60.3467
60.3333
60.32
60.3067
60.2933
60.28
60.2667
60.2533
60.24
60.2267
60.2133
60.2
60.1867
60.1733
60.16
60.1467
60.1333
60.12
60.1067
60.0933
60.08
60.0667
60.0533
60.04
60.0267
60.0133
59
59.0133
59.0267
59.04
59.0533
59.0667
59.08
59.0933
59.1067
59.12
59.1333
59.1467
59.16
59.1733
59.1867
59.2
59.2133
59.2267
59.24
59.2533
59.2667
59.28
59.2933
59.3067
59.32
59.3333
59.3467
59.36
59.3733
59.3867
59.4
59.4133
59.4267
59.44
59.4533
59.4667
59.48
59.4933
59.4933
59.48
59.4667
59.4533
59.44
59.4267
59.4133
59.4
59.3867
59.3733
59.36
59.3467
59.3333
59.32
59.3067
59.2933
59.28
59.2667
59.2533
59.24
59.2267
59.2133
59.2
59.1867
59.1733
59.16
59.1467
59.1333
59.12
59.1067
59.0933
59.08
59.0667
59.0533
59.04
59.0267
59.0133
58
58.0133
58.0267
58.04
58.0533
58.0667
58.08
58.0933
58.1067
58.12
58.1333
58.1467
58.16
58.1733
58.1867
58.2
58.2133
58.2267
58.24
58.2533
58.2667
58.28
58.2933
58.3067
58.32
58.3333
58.3467
58.36
58.3733
58.3867
58.4
58.4133
58.4267
58.44
58.4533
58.4667
58.48
58.4933
58.4933
58.48
58.4667
58.4533
58.44
58.4267
58.4133
58.4
58.3867
58.3733
58.36
58.3467
58.3333
58.32
58.3067
58.2933
58.28
58.2667
58.2533
58.24
58.2267
58.2133
58.2
58.1867
58.1733
58.16
58.1467
58.1333
58.12
58.1067
58.0933
58.08
58.0667
58.0533
58.04
58.0267
58.0133
57
57.0133
57.0267
57.04
57.0533
57.0667
57.08
57.0933
57.1067
57.12
57.1333
57.1467
57.16
57.1733
57.1867
57.2
57.2133
57.2267
57.24
57.2533
57.2667
57.28
57.2933
57.3067
57.32
57.3333
57.3467
57.36
57.3733
57.3867
57.4
57.4133
57.4267
57.44
57.4533
57.4667
57.48
57.4933
57.4933
57.48
57.4667
57.4533
57.44
57.4267
57.4133
57.4
57.3867
57.3733
57.36
57.3467
57.3333
57.32
57.3067
57.2933
57.28
57.2667
57.2533
57.24
57.2267
57.2133
57.2
57.1867
57.1733
57.16
57.1467
57.1333
57.12
57.1067
57.0933
57.08
57.0667
57.0533
57.04
57.0267
57.0133
56
56.0133
56.0267
56.04
56.0533
56.0667
56.08
56.0933
56.1067
56.12
56.1333
56.1467
56.16
56.1733
56.1867
56.2
56.2133
56.2267
56.24
56.2533
56.2667
56.28
56.2933
56.3067
56.32
56.3333
56.3467
56.36
56.3733
56.3867
56.4
56.4133
56.4267
56.44
56.4533
56.4667
56.48
56.4933
56.4933
56.48
56.4667
56.4533
56.44
56.4267
56.4133
56.4
56.3867
56.3733
56.36
56.3467
56.3333
56.32
56.3067
56.2933
56.28
56.2667
56.2533
56.24
56.2267
56.2133
56.2
56.1867
56.1733
56.16
56.1467
56.1333
56.12
56.1067
56.0933
56.08
56.0667
56.0533
56.04
56.0267
56.0133
55
55.0133
55.0267
55.04
55.0533
55.0667
55.08
55.0933
55.1067
55.12
55.1333
55.1467
55.16
55.1733
55.1867
55.2
55.2133
55.2267
55.24
55.2533
55.2667
55.28
55.2933
55.3067
55.32
55.3333
55.3467
55.36
55.3733
55.3867
55.4
55.4133
55.4267
55.44
55.4533
55.4667
55.48
55.4933
55.4933
55.48
55.4667
55.4533
55.44
55.4267
55.4133
55.4
55.3867
55.3733
55.36
55.3467
55.3333
55.32
55.3067
55.2933
55.28
55.2667
55.2533
55.24
55.2267
55.2133
55.2
55.1867
55.1733
55.16
55.1467
55.1333
55.12
55.1067
55.0933
55.08
55.0667
55.0533
55.04
55.0267
55.0133
54
54.0133
54.0267
54.04
54.0533
54.0667
54.08
54.0933
54.1067
54.12
54.1333
54.1467
54.16
54.1733
54.1867
54.2
54.2133
54.2267
54.24
54.2533
54.2667
54.28
54.2933
54.3067
54.32
54.3333
54.3467
54.36
54.3733
54.3867
54.4
54.4133
54.4267
54.44
54.4533
54.4667
54.48
54.4933
54.4933
54.48
54.4667
54.4533
54.44
54.4267
54.4133
54.4
54.3867
54.3733
54.36
54.3467
54.3333
54.32
54.3067
54.2933
54.28
54.2667
54.2533
54.24
54.2267
54.2133
54.2
54.1867
54.1733
54.16
54.1467
54.1333
54.12
54.1067
54.0933
54.08
54.0667
54.0533
54.04
54.0267
54.0133
53
53.0133
53.0267
53.04
53.0533
53.0667
53.08
53.0933
53.1067
53.12
53.1333
53.1467
53.16
53.1733
53.1867
53.2
53.2133
53.2267
53.24
53.2533
53.2667
53.28
53.2933
53.3067
53.32
53.3333
53.3467
53.36
53.3733
53.3867
53.4
53.4133
53.4267
53.44
53.4533
53.4667
53.48
53.4933
53.4933
53.48
53.4667
53.4533
53.44
53.4267
53.4133
53.4
53.3867
53.3733
53.36
53.3467
53.3333
53.32
53.3067
53.2933
53.28
53.2667
53.2533
53.24
53.2267
53.2133
53.2
53.1867
53.1733
53.16
53.1467
53.1333
53.12
53.1067
53.0933
53.08
53.0667
53.0533
53.04
53.0267
53.0133
52
52.0133
52.0267
52.04
52.0533
52.0667
52.08
52.0933
52.1067
52.12
52.1333
52.1467
52.16
52.1733
52.1867
52.2
52.2133
52.2267
52.24
52.2533
52.2667
52.28
52.2933
52.3067
52.32
52.3333
52.3467
52.36
52.3733
52.3867
52.4
52.4133
52.4267
52.44
52.4533
52.4667
52.48
52.4933
52.4933
52.48
52.4667
52.4533
52.44
52.4267
52.4133
52.4
52.3867
52.3733
52.36
52.3467
52.3333
52.32
52.3067
52.2933
52.28
52.2667
52.2533
52.24
52.2267
52.2133
52.2
52.1867
52.1733
52.16
52.1467
52.1333
52.12
52.1067
52.0933
52.08
52.0667
52.0533
52.04
52.0267
52.0133
51
51.0133
51.0267
51.04
51.0533
51.0667
51.08
51.0933
51.1067
51.12
51.1333
51.1467
51.16
51.1733
51.1867
51.2
51.2133
51.2267
51.24
51.2533
51.2667
51.28
51.2933
51.3067
51.32
51.3333
51.3467
51.36
51.3733
51.3867
51.4
51.4133
51.4267
51.44
51.4533
51.4667
51.48
51.4933
51.4933
51.48
51.4667
51.4533
51.44
51.4267
51.4133
51.4
51.3867
51.3733
51.36
51.3467
51.3333
51.32
51.3067
51.2933
51.28
51.2667
51.2533
51.24
51.2267
51.2133
51.2
51.1867
51.1733
51.16
51.1467
51.1333
51.12
51.1067
51.0933
51.08
51.0667
51.0533
51.04
51.0267
51.0133
50
50.0133
50.0267
50.04
50.0533
50.0667
50.08
50.0933
50.1067
50.12
50.1333
50.1467
50.16
50.1733
50.1867
50.2
50.2133
50.2267
50.24
50.2533
50.2667
50.28
50.2933
50.3067
50.32
50.3333
50.3467
50.36
50.3733
50.3867
50.4
50.4133
50.4267
50.44
50.4533
50.4667
50.48
50.4933
50.4933
50.48
50.4667
50.4533
50.44
50.4267
50.4133
50.4
50.3867
50.3733
50.36
50.3467
50.3333
50.32
50.3067
50.2933
50.28
50.2667
50.2533
50.24
50.2267
50.2133
50.2
50.1867
50.1733
50.16
50.1467
50.1333
50.12
50.1067
50.0933
50.08
50.0667
50.0533
50.04
50.0267
50.0133
49
49.0133
49.0267
49.04
49.0533
49.0667
49.08
49.0933
49.1067
49.12
49.1333
49.1467
49.16
49.1733
49.1867
49.2
49.2133
49.2267
49.24
49.2533
49.2667
49.28
49.2933
49.3067
49.32
49.3333
49.3467
49.36
49.3733
49.3867
49.4
49.4133
49.4267
49.44
49.4533
49.4667
49.48
49.4933
49.4933
49.48
49.4667
49.4533
49.44
49.4267
49.4133
49.4
49.3867
49.3733
49.36
49.3467
49.3333
49.32
49.3067
49.2933
49.28
49.2667
49.2533
49.24
49.2267
49.2133
49.2
49.1867
49.1733
49.16
49.1467
49.1333
49.12
49.1067
49.0933
49.08
49.0667
49.0533
49.04
49.0267
49.0133
48
48.0133
48.0267
48.04
48.0533
48.0667
48.08
48.0933
48.1067
48.12
48.1333
48.1467
48.16
48.1733
48.1867
48.2
48.2133
48.2267
48.24
48.2533
48.2667
48.28
48.2933
48.3067
48.32
48.3333
48.3467
48.36
48.3733
48.3867
48.4
48.4133
48.4267
48.44
48.4533
48.4667
48.48
48.4933
48.4933
48.48
48.4667
48.4533
48.44
48.4267
48.4133
48.4
48.3867
48.3733
48.36
48.3467
48.3333
48.32
48.3067
48.2933
48.28
48.2667
48.2533
48.24
48.2267
48.2133
48.2
48.1867
48.1733
48.16
48.1467
48.1333
48.12
48.1067
48.0933
48.08
48.0667
48.0533
48.04
48.0267
48.0133
47
47.0133
47.0267
47.04
47.0533
47.0667
47.08
47.0933
47.1067
47.12
47.1333
47.1467
47.16
47.1733
47.1867
47.2
47.2133
47.2267
47.24
47.2533
47.2667
47.28
47.2933
47.3067
47.32
47.3333
47.3467
47.36
47.3733
47.3867
47.4
47.4133
47.4267
47.44
47.4533
47.4667
47.48
47.4933
47.4933
47.48
47.4667
47.4533
47.44
47.4267
47.4133
47.4
47.3867
47.3733
47.36
47.3467
47.3333
47.32
47.3067
47.2933
47.28
47.2667
47.2533
47.24
47.2267
47.2133
47.2
47.1867
47.1733
47.16
47.1467
47.1333
47.12
47.1067
47.0933
47.08
47.0667
47.0533
47.04
47.0267
47.0133
46
46.0133
46.0267
46.04
46.0533
46.0667
46.08
46.0933
46.1067
46.12
46.1333
46.1467
46.16
46.1733
46.1867
46.2
46.2133
46.2267
46.24
46.2533
46.2667
46.28
46.2933
46.3067
46.32
46.3333
46.3467
46.36
46.3733
46.3867
46.4
46.4133
46.4267
46.44
46.4533
46.4667
46.48
46.4933
46.4933
46.48
46.4667
46.4533
46.44
46.4267
46.4133
46.4
46.3867
46.3733
46.36
46.3467
46.3333
46.32
46.3067
46.2933
46.28
46.2667
46.2533
46.24
46.2267
46.2133
46.2
46.1867
46.1733
46.16
46.1467
46.1333
46.12
46.1067
46.0933
46.08
46.0667
46.0533
46.04
46.0267
46.0133
45
45.0133
45.0267
45.04
45.0533
45.0667
45.08
45.0933
45.1067
45.12
45.1333
45.1467
45.16
45.1733
45.1867
45.2
45.2133
45.2267
45.24
45.2533
45.2667
45.28
45.2933
45.3067
45.32
45.3333
45.3467
45.36
45.3733
45.3867
45.4
45.4133
45.4267
45.44
45.4533
45.4667
45.48
45.4933
45.4933
45.48
45.4667
45.4533
45.44
45.4267
45.4133
45.4
45.3867
45.3733
45.36
45.3467
45.3333
45.32
45.3067
45.2933
45.28
45.2667
45.2533
45.24
45.2267
45.2133
45.2
45.1867
45.1733
45.16
45.1467
45.1333
45.12
45.1067
45.0933
45.08
45.0667
45.0533
45.04
45.0267
45.0133
44
44.0133
44.0267
44.04
44.0533
44.0667
44.08
44.0933
44.1067
44.12
44.1333
44.1467
44.16
44.1733
44.1867
44.2
44.2133
44.2267
44.24
44.2533
44.2667
44.28
44.2933
44.3067
44.32
44.3333
44.3467
44.36
44.3733
44.3867
44.4
44.4133
44.4267
44.44
44.4533
44.4667
44.48
44.4933
44.4933
44.48
44.4667
44.4533
44.44
44.4267
44.4133
44.4
44.3867
44.3733
44.36
44.3467
44.3333
44.32
44.3067
44.2933
44.28
44.2667
44.2533
44.24
44.2267
44.2133
44.2
44.1867
44.1733
44.16
44.1467
44.1333
44.12
44.1067
44.0933
44.08
44.0667
44.0533
44.04
44.0267
44.0133
43
43.0133
43.0267
43.04
43.0533
43.0667
43.08
43.0933
43.1067
43.12
43.1333
43.1467
43.16
43.1733
43.1867
43.2
43.2133
43.2267
43.24
43.2533
43.2667
43.28
43.2933
43.3067
43.32
43.3333
43.3467
43.36
43.3733
43.3867
43.4
43.4133
43.4267
43.44
43.4533
43.4667
43.48
43.4933
43.4933
43.48
43.4667
43.4533
43.44
43.4267
43.4133
43.4
43.3867
43.3733
43.36
43.3467
43.3333
43.32
43.3067
43.2933
43.28
43.2667
43.2533
43.24
43.2267
43.2133
43.2
43.1867
43.1733
43.16
43.1467
43.1333
43.12
43.1067
43.0933
43.08
43.0667
43.0533
43.04
43.0267
43.0133
42
42.0133
42.0267
42.04
42.0533
42.0667
42.08
42.0933
42.1067
42.12
42.1333
42.1467
42.16
42.1733
42.1867
42.2
42.2133
42.2267
42.24
42.2533
42.2667
42.28
42.2933
42.3067
42.32
42.3333
42.3467
42.36
42.3733
42.3867
42.4
42.4133
42.4267
42.44
42.4533
42.4667
42.48
42.4933
42.4933
42.48
42.4667
42.4533
42.44
42.4267
42.4133
42.4
42.3867
42.3733
42.36
42.3467
42.3333
42.32
42.3067
42.2933
42.28
42.2667
42.2533
42.24
42.2267
42.2133
42.2
42.1867
42.1733
42.16
42.1467
42.1333
42.12
42.1067
42.0933
42.08
42.0667
42.0533
42.04
42.0267
42.0133
41
41.0133
41.0267
41.04
41.0533
41.0667
41.08
41.0933
41.1067
41.12
41.1333
41.1467
41.16
41.1733
41.1867
41.2
41.2133
41.2267
41.24
41.2533
41.2667
41.28
41.2933
41.3067
41.32
41.3333
41.3467
41.36
41.3733
41.3867
41.4
41.4133
41.4267
41.44
41.4533
41.4667
41.48
41.4933
41.4933
41.48
41.4667
41.4533
41.44
41.4267
41.4133
41.4
41.3867
41.3733
41.36
41.3467
41.3333
41.32
41.3067
41.2933
41.28
41.2667
41.2533
41.24
41.2267
41.2133
41.2
41.1867
41.1733
41.16
41.1467
41.1333
41.12
41.1067
41.0933
41.08
41.0667
41.0533
41.04
41.0267
41.0133
40
40.0133
40.0267
40.04
40.0533
40.0667
40.08
40.0933
40.1067
40.12
40.1333
40.1467
40.16
40.1733
40.1867
40.2
40.2133
40.2267
40.24
40.2533
40.2667
40.28
40.2933
40.3067
40.32
40.3333
40.3467
40.36
40.3733
40.3867
40.4
40.4133
40.4267
40.44
40.4533
40.4667
40.48
40.4933
40.4933
40.48
40.4667
40.4533
40.44
40.4267
40.4133
40.4
40.3867
40.3733
40.36
40.3467
40.3333
40.32
40.3067
40.2933
40.28
40.2667
40.2533
40.24
40.2267
40.2133
40.2
40.1867
40.1733
40.16
40.1467
40.1333
40.12
40.1067
40.0933
40.08
40.0667
40.0533
40.04
40.0267
40.0133
39
39.0133
39.0267
39.04
39.0533
39.0667
39.08
39.0933
39.1067
39.12
39.1333
39.1467
39.16
39.1733
39.1867
39.2
39.2133
39.2267
39.24
39.2533
39.2667
39.28
39.2933
39.3067
39.32
39.3333
39.3467
39.36
39.3733
39.3867
39.4
39.4133
39.4267
39.44
39.4533
39.4667
39.48
39.4933
39.4933
39.48
39.4667
39.4533
39.44
39.4267
39.4133
39.4
39.3867
39.3733
39.36
39.3467
39.3333
39.32
39.3067
39.2933
39.28
39.2667
39.2533
39.24
39.2267
39.2133
39.2
39.1867
39.1733
39.16
39.1467
39.1333
39.12
39.1067
39.0933
39.08
39.0667
39.0533
39.04
39.0267
39.0133
38
38.0133
38.0267
38.04
38.0533
38.0667
38.08
38.0933
38.1067
38.12
38.1333
38.1467
38.16
38.1733
38.1867
38.2
38.2133
38.2267
38.24
38.2533
38.2667
38.28
38.2933
38.3067
38.32
38.3333
38.3467
38.36
38.3733
38.3867
38.4
38.4133
38.4267
38.44
38.4533
38.4667
38.48
38.4933
38.4933
38.48
38.4667
38.4533
38.44
38.4267
38.4133
38.4
38.3867
38.3733
38.36
38.3467
38.3333
38.32
38.3067
38.2933
38.28
38.2667
38.2533
38.24
38.2267
38.2133
38.2
38.1867
38.1733
38.16
38.1467
38.1333
38.12
38.1067
38.0933
38.08
38.0667
38.0533
38.04
38.0267
38.0133
